37
Balaena_mysticetus          0.0000000 0.0596823 0.1507212 0.1496249 0.1302513 0.1290975 0.1550590 0.2447792 0.2231651 0.2685797 0.2448676 0.2475769 0.2450002 0.2891725 0.3118613 0.2535658 0.2456173 0.2364237 0.2567764 0.2354046 0.3043687 0.3372422 0.5698639 0.5372982 0.5911342 0.6421591 0.6078412 0.7514415 0.7855855 0.8263707 0.5872333 0.6067717 0.4522866 0.6803681 0.6199343 1.1129047 1.0758193 
Eubalaena_japonica          0.0596823 0.0000000 0.1312868 0.1301018 0.1258266 0.1249601 0.1540216 0.2385612 0.2234863 0.2621875 0.2489966 0.2384143 0.2456499 0.2734751 0.3090215 0.2476188 0.2266484 0.2415073 0.2443751 0.2459467 0.3161228 0.3393880 0.6047772 0.5498954 0.6180177 0.6189231 0.5917474 0.7243991 0.7679474 0.8327019 0.5832771 0.6216635 0.4283624 0.6703939 0.6403834 1.0835022 1.0652580 
Balaenoptera_musculus       0.1507212 0.1312868 0.0000000 0.0936594 0.0925646 0.0922611 0.1647175 0.2729999 0.2395087 0.3055362 0.2648353 0.2795606 0.2915006 0.3132297 0.3293883 0.2882437 0.2687557 0.2785350 0.2648405 0.2463213 0.2952222 0.3708935 0.6210408 0.5652433 0.6595247 0.6543017 0.6038852 0.7451216 0.8103662 0.8246123 0.6064807 0.6059338 0.4187260 0.7093523 0.6167858 1.0282348 1.0623647 
Balaenoptera_physalus       0.1496249 0.1301018 0.0936594 0.0000000 0.0805138 0.0867706 0.1838022 0.2466734 0.2302004 0.2842525 0.2821383 0.2816465 0.2818167 0.3095237 0.3249976 0.2770008 0.2533540 0.2755626 0.2361842 0.2513454 0.3112093 0.3533776 0.5815937 0.5419598 0.6319955 0.6575048 0.6310726 0.7504924 0.7823836 0.8364493 0.6082632 0.5803534 0.4337881 0.6532649 0.5903725 1.0025852 1.0476391 
Megaptera_novaeangliae      0.1302513 0.1258266 0.0925646 0.0805138 0.0000000 0.0905072 0.1576158 0.2494833 0.2287585 0.2644090 0.2461965 0.2579258 0.2567224 0.2915123 0.2952295 0.2670755 0.2465426 0.2608854 0.2517705 0.2176799 0.2750616 0.3523273 0.5763029 0.5365599 0.6068071 0.6452995 0.6039833 0.7045966 0.7405001 0.8175325 0.5247738 0.5763459 0.4312727 0.6179278 0.5921703 1.0204512 0.9958188 
Eschrichtius_robustus       0.1290975 0.1249601 0.0922611 0.0867706 0.0905072 0.0000000 0.1694550 0.2329996 0.2258777 0.2997955 0.2828555 0.2932459 0.2915237 0.2987224 0.3083814 0.2784524 0.2790454 0.2507777 0.2512740 0.2280236 0.3126967 0.3556297 0.5899655 0.5751776 0.6215396 0.6443340 0.6168723 0.7078124 0.8057781 0.8451224 0.6156810 0.6160270 0.4054138 0.6639873 0.6154776 1.0180519 1.0770579 
Caperea_marginata           0.1550590 0.1540216 0.1647175 0.1838022 0.1576158 0.1694550 0.0000000 0.3125913 0.2656471 0.2804037 0.2724781 0.2792171 0.2892319 0.3478687 0.3682379 0.3102755 0.2886233 0.3015548 0.2882556 0.2657713 0.3385752 0.3781061 0.6663217 0.6092277 0.6705518 0.7048832 0.6994761 0.8308551 0.7966103 0.8922307 0.6801358 0.6657172 0.4464505 0.7459198 0.6626485 1.0807361 1.1154550 
Physeter_macrocephalus      0.2447792 0.2385612 0.2729999 0.2466734 0.2494833 0.2329996 0.3125913 0.0000000 0.2382586 0.3292169 0.3353556 0.3388779 0.3247080 0.3135906 0.3492680 0.3343900 0.3101122 0.3160244 0.2936837 0.3065090 0.3211345 0.3614638 0.6973866 0.6235066 0.7328451 0.7075622 0.6803654 0.8044988 0.8573427 0.8436304 0.7303517 0.6773194 0.5113611 0.7170742 0.6762968 1.0723695 1.1167968 
Kogia_breviceps             0.2231651 0.2234863 0.2395087 0.2302004 0.2287585 0.2258777 0.2656471 0.2382586 0.0000000 0.2902814 0.2937357 0.3011097 0.2799573 0.2841656 0.3303673 0.3023367 0.2902205 0.2708902 0.2483464 0.2801753 0.3286155 0.3571354 0.6679683 0.5910157 0.6595778 0.6218314 0.6107167 0.7331346 0.7991888 0.8339360 0.6108915 0.5272400 0.4736103 0.7038526 0.5485407 1.1060598 0.9835594 
Orcinus_orca                0.2685797 0.2621875 0.3055362 0.2842525 0.2644090 0.2997955 0.2804037 0.3292169 0.2902814 0.0000000 0.1274267 0.1110130 0.0948435 0.2061610 0.2412105 0.1847176 0.1866369 0.2759010 0.2871901 0.2968231 0.2987570 0.3118922 0.6611327 0.6313853 0.6544574 0.7238490 0.7284783 0.7924878 0.8611997 0.9026632 0.6582033 0.6011423 0.5303445 0.6976282 0.6067659 1.1223691 1.0025862 
Tursiops_truncatus          0.2448676 0.2489966 0.2648353 0.2821383 0.2461965 0.2828555 0.2724781 0.3353556 0.2937357 0.1274267 0.0000000 0.0424543 0.1074333 0.2052554 0.2417868 0.1764797 0.2077685 0.2732674 0.2923757 0.2735378 0.2723987 0.3322489 0.6280552 0.6227923 0.6419609 0.7199569 0.7318092 0.7853100 0.8027832 0.8326650 0.6797036 0.6313060 0.5082215 0.6816844 0.6460151 1.0494022 0.9837933 
Delphinus_delphis           0.2475769 0.2384143 0.2795606 0.2816465 0.2579258 0.2932459 0.2792171 0.3388779 0.3011097 0.1110130 0.0424543 0.0000000 0.1027300 0.2222781 0.2389660 0.1826258 0.2034829 0.2834040 0.2847624 0.2874474 0.2837594 0.3429203 0.6343381 0.6192908 0.6412313 0.7126492 0.7245777 0.7887065 0.7931465 0.8262265 0.6692711 0.6379175 0.5066165 0.6791770 0.6557192 1.0533928 0.9279833 
Globicephala_melas          0.2450002 0.2456499 0.2915006 0.2818167 0.2567224 0.2915237 0.2892319 0.3247080 0.2799573 0.0948435 0.1074333 0.1027300 0.0000000 0.2068622 0.2333574 0.1607290 0.1938346 0.2748817 0.2784285 0.2797390 0.2757963 0.2948714 0.6301072 0.6531000 0.6385392 0.6845383 0.6933066 0.8237220 0.8529654 0.9070108 0.6394067 0.6392496 0.5421690 0.6641278 0.6567212 1.1029918 0.8880787 
Phocoena_phocoena           0.2891725 0.2734751 0.3132297 0.3095237 0.2915123 0.2987224 0.3478687 0.3135906 0.2841656 0.2061610 0.2052554 0.2222781 0.2068622 0.0000000 0.1640276 0.2114025 0.2370513 0.2909902 0.3218609 0.3073255 0.2801162 0.3295947 0.6433008 0.6818754 0.6633891 0.7458513 0.7465216 0.8370993 0.9554475 0.9596014 0.7497930 0.6782774 0.5337652 0.7487749 0.6909038 1.1741779 1.0361759 
Neophocaena_asiaeorientalis 0.3118613 0.3090215 0.3293883 0.3249976 0.2952295 0.3083814 0.3682379 0.3492680 0.3303673 0.2412105 0.2417868 0.2389660 0.2333574 0.1640276 0.0000000 0.2177155 0.2321199 0.3503292 0.3571649 0.3340100 0.3464464 0.3476504 0.7149240 0.7102327 0.7080773 0.8005640 0.7622183 0.8953457 1.0670713 0.9852567 0.7532436 0.6959102 0.5320620 0.7978265 0.7226096 1.1286478 1.0942645 
Monodon_monoceros           0.2535658 0.2476188 0.2882437 0.2770008 0.2670755 0.2784524 0.3102755 0.3343900 0.3023367 0.1847176 0.1764797 0.1826258 0.1607290 0.2114025 0.2177155 0.0000000 0.0840109 0.2848640 0.2876138 0.2655150 0.2977910 0.2785448 0.6459061 0.5985779 0.6457047 0.6827986 0.6835589 0.8213554 0.8847089 0.8657738 0.7141947 0.6372131 0.5598749 0.7748605 0.6690848 1.0860961 1.0083590 
Delphinapterus_leucas       0.2456173 0.2266484 0.2687557 0.2533540 0.2465426 0.2790454 0.2886233 0.3101122 0.2902205 0.1866369 0.2077685 0.2034829 0.1938346 0.2370513 0.2321199 0.0840109 0.0000000 0.2970017 0.2794950 0.2764586 0.2808374 0.3018169 0.6086080 0.6150006 0.6257554 0.6739507 0.7014233 0.8413659 0.8648202 0.8139909 0.6827824 0.6289390 0.5435366 0.7044356 0.6235238 1.1361290 0.9773095 
Ziphius_cavirostris         0.2364237 0.2415073 0.2785350 0.2755626 0.2608854 0.2507777 0.3015548 0.3160244 0.2708902 0.2759010 0.2732674 0.2834040 0.2748817 0.2909902 0.3503292 0.2848640 0.2970017 0.0000000 0.1694099 0.2588951 0.3340002 0.3026045 0.6098282 0.6209615 0.6431440 0.7046766 0.7002060 0.7499206 0.8853433 0.8393164 0.6060800 0.6486321 0.5299941 0.6552490 0.6467376 1.2617484 0.9585081 
Berardius_bairdii           0.2567764 0.2443751 0.2648405 0.2361842 0.2517705 0.2512740 0.2882556 0.2936837 0.2483464 0.2871901 0.2923757 0.2847624 0.2784285 0.3218609 0.3571649 0.2876138 0.2794950 0.1694099 0.0000000 0.2579200 0.3333919 0.3794823 0.6045558 0.6868777 0.6258527 0.6565361 0.6791349 0.8148625 0.9079162 0.8366673 0.6251135 0.6692602 0.4991961 0.6537088 0.6820274 1.1866395 1.0232575 
Platanista_gangetica        0.2354046 0.2459467 0.2463213 0.2513454 0.2176799 0.2280236 0.2657713 0.3065090 0.2801753 0.2968231 0.2735378 0.2874474 0.2797390 0.3073255 0.3340100 0.2655150 0.2764586 0.2588951 0.2579200 0.0000000 0.3286088 0.3944493 0.6634605 0.6341985 0.6830515 0.7139176 0.6813448 0.7711747 0.9248813 0.9203328 0.7049557 0.6339924 0.5219419 0.7485729 0.6426437 1.0170945 1.1057300 
Inia_geoffrensis            0.3043687 0.3161228 0.2952222 0.3112093 0.2750616 0.3126967 0.3385752 0.3211345 0.3286155 0.2987570 0.2723987 0.2837594 0.2757963 0.2801162 0.3464464 0.2977910 0.2808374 0.3340002 0.3333919 0.3286088 0.0000000 0.3454369 0.7314499 0.7213679 0.7625869 0.7245140 0.7155457 0.9071377 0.9170241 0.8725288 0.7876601 0.7326306 0.5592639 0.8536786 0.7371226 1.0883903 1.1134196 
Lipotes_vexillifer          0.3372422 0.3393880 0.3708935 0.3533776 0.3523273 0.3556297 0.3781061 0.3614638 0.3571354 0.3118922 0.3322489 0.3429203 0.2948714 0.3295947 0.3476504 0.2785448 0.3018169 0.3026045 0.3794823 0.3944493 0.3454369 0.0000000 0.6673648 0.6516258 0.6583285 0.6903144 0.6697744 0.7702527 0.9156268 0.8138677 0.7188857 0.6719319 0.6189058 0.7728123 0.6679503 1.0297754 0.9896577 
Phoca_vitulina              0.5698639 0.6047772 0.6210408 0.5815937 0.5763029 0.5899655 0.6663217 0.6973866 0.6679683 0.6611327 0.6280552 0.6343381 0.6301072 0.6433008 0.7149240 0.6459061 0.6086080 0.6098282 0.6045558 0.6634605 0.7314499 0.6673648 0.0000000 0.1862825 0.0543684 0.2865350 0.2720554 0.3697234 0.7327114 0.7555245 0.3806358 0.3175920 0.6060087 0.4030449 0.3221861 0.9758709 0.7306506 
Mirounga_leonina            0.5372982 0.5498954 0.5652433 0.5419598 0.5365599 0.5751776 0.6092277 0.6235066 0.5910157 0.6313853 0.6227923 0.6192908 0.6531000 0.6818754 0.7102327 0.5985779 0.6150006 0.6209615 0.6868777 0.6341985 0.7213679 0.6516258 0.1862825 0.0000000 0.1859601 0.2532716 0.2420585 0.3183062 0.7521470 0.8037418 0.3727865 0.3273565 0.5926217 0.4183010 0.3145889 0.9820101 0.7898764 
Halichoerus_grypus          0.5911342 0.6180177 0.6595247 0.6319955 0.6068071 0.6215396 0.6705518 0.7328451 0.6595778 0.6544574 0.6419609 0.6412313 0.6385392 0.6633891 0.7080773 0.6457047 0.6257554 0.6431440 0.6258527 0.6830515 0.7625869 0.6583285 0.0543684 0.1859601 0.0000000 0.2790048 0.2751024 0.3779253 0.7572360 0.7294230 0.3801458 0.3262850 0.6146960 0.3824431 0.3325286 0.9219962 0.7002724 
Eumetopias_jubatus          0.6421591 0.6189231 0.6543017 0.6575048 0.6452995 0.6443340 0.7048832 0.7075622 0.6218314 0.7238490 0.7199569 0.7126492 0.6845383 0.7458513 0.8005640 0.6827986 0.6739507 0.7046766 0.6565361 0.7139176 0.7245140 0.6903144 0.2865350 0.2532716 0.2790048 0.0000000 0.0573781 0.3388886 0.7480493 0.7265974 0.4309564 0.3940974 0.6066998 0.4301581 0.3825540 0.8793316 0.8714174 
Zalophus_californianus      0.6078412 0.5917474 0.6038852 0.6310726 0.6039833 0.6168723 0.6994761 0.6803654 0.6107167 0.7284783 0.7318092 0.7245777 0.6933066 0.7465216 0.7622183 0.6835589 0.7014233 0.7002060 0.6791349 0.6813448 0.7155457 0.6697744 0.2720554 0.2420585 0.2751024 0.0573781 0.0000000 0.3291228 0.7624496 0.7351592 0.4391765 0.3787196 0.6199324 0.4322879 0.3630101 0.8814083 0.8438750 
Odobenus_rosmarus           0.7514415 0.7243991 0.7451216 0.7504924 0.7045966 0.7078124 0.8308551 0.8044988 0.7331346 0.7924878 0.7853100 0.7887065 0.8237220 0.8370993 0.8953457 0.8213554 0.8413659 0.7499206 0.8148625 0.7711747 0.9071377 0.7702527 0.3697234 0.3183062 0.3779253 0.3388886 0.3291228 0.0000000 0.8732991 0.8036124 0.4926493 0.4809961 0.7600100 0.4917683 0.4765458 0.9846519 0.9194504 
Trichechus_manatus          0.7855855 0.7679474 0.8103662 0.7823836 0.7405001 0.8057781 0.7966103 0.8573427 0.7991888 0.8611997 0.8027832 0.7931465 0.8529654 0.9554475 1.0670713 0.8847089 0.8648202 0.8853433 0.9079162 0.9248813 0.9170241 0.9156268 0.7327114 0.7521470 0.7572360 0.7480493 0.7624496 0.8732991 0.0000000 0.1985098 0.7874638 0.8009703 0.6771201 0.8264494 0.8070764 0.7084071 0.6381590 
Dugong_dugon                0.8263707 0.8327019 0.8246123 0.8364493 0.8175325 0.8451224 0.8922307 0.8436304 0.8339360 0.9026632 0.8326650 0.8262265 0.9070108 0.9596014 0.9852567 0.8657738 0.8139909 0.8393164 0.8366673 0.9203328 0.8725288 0.8138677 0.7555245 0.8037418 0.7294230 0.7265974 0.7351592 0.8036124 0.1985098 0.0000000 0.9083290 0.8096765 0.7280693 0.8658282 0.8136512 0.6273881 0.6620124 
Enhydra_lutris              0.5872333 0.5832771 0.6064807 0.6082632 0.5247738 0.6156810 0.6801358 0.7303517 0.6108915 0.6582033 0.6797036 0.6692711 0.6394067 0.7497930 0.7532436 0.7141947 0.6827824 0.6060800 0.6251135 0.7049557 0.7876601 0.7188857 0.3806358 0.3727865 0.3801458 0.4309564 0.4391765 0.4926493 0.7874638 0.9083290 0.0000000 0.3771675 0.6228011 0.1882961 0.3810027 1.1387296 0.6593114 
Ursus_maritimus             0.6067717 0.6216635 0.6059338 0.5803534 0.5763459 0.6160270 0.6657172 0.6773194 0.5272400 0.6011423 0.6313060 0.6379175 0.6392496 0.6782774 0.6959102 0.6372131 0.6289390 0.6486321 0.6692602 0.6339924 0.7326306 0.6719319 0.3175920 0.3273565 0.3262850 0.3940974 0.3787196 0.4809961 0.8009703 0.8096765 0.3771675 0.0000000 0.5488251 0.4369297 0.0241781 0.9195493 0.8992058 
Hippopotamus_amphibius      0.4522866 0.4283624 0.4187260 0.4337881 0.4312727 0.4054138 0.4464505 0.5113611 0.4736103 0.5303445 0.5082215 0.5066165 0.5421690 0.5337652 0.5320620 0.5598749 0.5435366 0.5299941 0.4991961 0.5219419 0.5592639 0.6189058 0.6060087 0.5926217 0.6146960 0.6066998 0.6199324 0.7600100 0.6771201 0.7280693 0.6228011 0.5488251 0.0000000 0.6364485 0.5328460 0.9976815 0.8500577 
Lutra_lutra                 0.6803681 0.6703939 0.7093523 0.6532649 0.6179278 0.6639873 0.7459198 0.7170742 0.7038526 0.6976282 0.6816844 0.6791770 0.6641278 0.7487749 0.7978265 0.7748605 0.7044356 0.6552490 0.6537088 0.7485729 0.8536786 0.7728123 0.4030449 0.4183010 0.3824431 0.4301581 0.4322879 0.4917683 0.8264494 0.8658282 0.1882961 0.4369297 0.6364485 0.0000000 0.4281214 1.1236156 0.6970335 
Ursus_arctos                0.6199343 0.6403834 0.6167858 0.5903725 0.5921703 0.6154776 0.6626485 0.6762968 0.5485407 0.6067659 0.6460151 0.6557192 0.6567212 0.6909038 0.7226096 0.6690848 0.6235238 0.6467376 0.6820274 0.6426437 0.7371226 0.6679503 0.3221861 0.3145889 0.3325286 0.3825540 0.3630101 0.4765458 0.8070764 0.8136512 0.3810027 0.0241781 0.5328460 0.4281214 0.0000000 0.9183016 0.9038305 
Loxodonta_africana          1.1129047 1.0835022 1.0282348 1.0025852 1.0204512 1.0180519 1.0807361 1.0723695 1.1060598 1.1223691 1.0494022 1.0533928 1.1029918 1.1741779 1.1286478 1.0860961 1.1361290 1.2617484 1.1866395 1.0170945 1.0883903 1.0297754 0.9758709 0.9820101 0.9219962 0.8793316 0.8814083 0.9846519 0.7084071 0.6273881 1.1387296 0.9195493 0.9976815 1.1236156 0.9183016 0.0000000 0.8043114 
Procavia_capensis           1.0758193 1.0652580 1.0623647 1.0476391 0.9958188 1.0770579 1.1154550 1.1167968 0.9835594 1.0025862 0.9837933 0.9279833 0.8880787 1.0361759 1.0942645 1.0083590 0.9773095 0.9585081 1.0232575 1.1057300 1.1134196 0.9896577 0.7306506 0.7898764 0.7002724 0.8714174 0.8438750 0.9194504 0.6381590 0.6620124 0.6593114 0.8992058 0.8500577 0.6970335 0.9038305 0.8043114 0.0000000 
